5.710134885465777
8.477918980823947
7.121420936351857
0.08281361755117411
0.011888824166854887
0.0583229978238028
0.06890852398963085
0.039411525363743344
0.07384866616814507
0.02821839056777471
0.057241446905570016
0.0575921749117731
0.09319558968554723
0.023319659768040273
0.04136579281753288
0.04553917098628929
0.03698923663132711
0.05137461035096675
0.061310947245610044
0.05275583791555732
0.06977185865575174
0.01274644900685824
0.03329277020709535
0.008684415355714637
0.008684415355714637
-0.058145888695819256
-0.058145888695819256
-0.14846544170652504
-0.14846544170652504
0.3683895494294264
0.3683895494294264
-0.08811737349230706
-0.08811737349230706
0.3333278654819765
0.5
0.5
0.5
0.5
0.5
0.5
0.5
0.5
0.5
0.5
0.5
0.5
0.5
0.5
0.5
0.5
0.4197972576447009
0.6658821025457067
0.6256873417594714
0.5871219273471457
0.686940620633174
0.686940620633174
-0.0098761256737494
0.0017748208209409284
3.1871129705441083e-06
0.0028190689537673464
