0.5278392294233418
1.9762578590698294
1.9790430972102229
0.03461237080364331
0.013240684159642704
0.01963901779553007
0.026903010920834126
0.01683946810760413
0.0260361774971098
0.019725944819217234
0.023719587040480695
0.030759723808147385
0.028833178085840273
0.012989589584698901
0.020904761708933715
0.019393655446098702
0.02042619490760082
0.024768543814720365
0.02680124975807809
0.021200624354230733
0.023459123941620696
0.010458016188874295
0.016416946809023083
1.0003651512393912
1.0003651512393912
1.0285784318571385
1.0285784318571385
2.1207957875629417
2.1207957875629417
0.8338773789490925
0.8338773789490925
1.6298558837750015
1.6298558837750015
0.23570419436165221
1
1
1
1
1
1
1
1
1
1
1
1
1
1
1
1
0.23022705096465634
0.16026596598366805
0.15824623570671895
0.12351360563195926
0.1989768455983506
0.1989768455983506
0.12641885364525582
0.014189461561155393
0.014225373717450683
0.11931594559837032
